

Instance: /OVRP/100p1v.ovrp

Alpha: 1.0000000 14 57 65 33 26 70 81 39 38 72 21 49 52 61 67 85 6 73 2 15 29 76 16 45 18 7 99 74 86 82 95 56 25 30 100 84 40 53 77 94 42 68 5 59 51 28 90 88 50 41 91 32 96 62 60 79 24 48 98 87 58 43 35 31 3 23 27 12 11 69 13 92 89 55 71 4 54 19 9 97 8 20 44 47 17 1 46 75 63 83 10 37 22 36 80 64 66 34 93 78 
ofv: 5.460507
f1: 5.460507
f2: 0.000000

Instance: /OVRP/100p3v.ovrp

Alpha: 1.0000000 59 49 11 99 10 22 46 16 90 52 43 34 93 3 48 77 62 81 26 65 88 76 101 9 85 50 54 51 41 83 72 28 35 67 19 1 89 18 78 31 17 94 15 71 13 14 29 25 5 33 37 45 60 91 57 73 6 56 21 40 74 23 100 47 63 69 4 75 8 87 12 20 84 97 27 32 58 64 98 102 86 42 55 79 96 44 92 30 53 70 7 61 2 24 38 39 82 66 68 36 95 80 
ofv: 5.115502
f1: 5.115502
f2: 0.000000

Instance: /OVRP/100p5v.ovrp

Alpha: 1.0000003 82 97 38 70 77 10 89 71 6 19 33 80 20 91 93 62 47 39 35 7 27 31 16 15 73 17 96 1 59 75 8 58 23 42 76 25 43 85 74 30 37 69 13 101 12 24 48 51 2 68 84 40 26 41 14 22 11 103 78 90 86 99 60 29 34 66 5 95 36 100 104 88 44 57 45 54 92 81 98 46 94 32 55 72 9 63 4 0 18 61 21 50 79 64 83 28 67 87 49 65 52 56 53 102 
ofv: 4.911563
f1: 4.911563
f2: 0.000000

Instance: /OVRP/300p1v.ovrp

Alpha: 1.0000000 202 167 166 171 88 50 180 286 57 108 207 228 256 65 130 144 195 240 244 241 232 242 114 63 285 136 245 297 293 289 116 10 152 140 174 64 260 158 84 233 163 42 68 5 192 203 59 51 28 274 94 103 239 40 299 212 188 165 95 193 121 75 60 79 243 24 132 72 139 235 111 191 58 208 189 12 11 280 13 92 29 112 259 61 45 273 258 48 49 142 206 183 131 269 153 182 147 229 38 234 26 1 124 91 272 197 175 275 62 83 138 204 255 283 125 198 276 300 127 34 93 78 209 66 73 268 154 231 146 266 69 288 194 298 148 225 215 224 160 76 287 105 267 18 7 86 109 281 55 199 205 129 87 176 113 16 213 67 222 85 6 257 2 295 181 110 145 221 27 187 282 23 3 186 31 135 210 290 126 220 217 150 97 226 216 20 284 143 270 44 101 254 141 162 32 96 100 211 56 82 278 237 155 185 169 122 37 265 36 252 22 253 227 99 74 179 156 104 271 219 294 184 80 230 134 236 196 172 102 263 15 178 137 251 98 52 292 128 46 177 41 106 248 90 123 250 118 261 291 77 247 277 53 214 170 30 25 149 238 200 115 159 117 279 17 264 33 119 201 19 71 120 4 54 168 190 9 107 173 8 47 164 223 218 246 151 161 14 296 249 70 81 39 21 157 262 89 43 133 35 
ofv: 13.011409
f1: 13.011409
f2: 0.000000

Instance: /OVRP/300p3v.ovrp

Alpha: 1.0000001 264 283 184 149 122 73 208 231 141 74 41 83 251 72 23 144 51 294 130 161 119 281 143 288 168 96 293 263 120 252 7 70 2 176 186 82 232 136 127 200 68 302 278 66 285 124 171 295 269 63 107 261 289 217 226 196 210 37 212 137 33 188 5 25 284 189 29 297 4 259 8 87 291 299 247 140 20 85 47 180 78 162 71 290 191 14 13 223 147 112 183 268 282 15 94 31 224 257 187 118 206 0 204 169 173 90 235 279 42 32 27 160 101 267 39 38 254 24 262 106 151 301 216 55 256 59 110 67 258 121 170 237 201 207 131 159 40 236 192 11 109 175 230 209 22 46 286 145 272 153 92 276 44 165 79 249 105 241 172 86 102 277 177 64 242 234 116 244 84 181 158 76 280 239 157 12 238 198 174 75 104 156 270 233 148 265 17 114 69 215 65 243 97 190 58 213 240 214 199 98 274 34 43 52 182 164 19 298 266 35 28 185 133 222 113 57 193 292 128 155 271 6 56 219 21 203 152 99 228 10 218 49 166 103 225 220 248 16 163 250 30 205 194 61 53 125 108 93 126 3 179 117 48 202 197 146 132 134 62 81 245 54 253 18 139 138 287 26 77 246 167 195 123 260 275 115 178 91 60 45 135 300 150 227 89 111 100 50 88 9 229 255 273 221 296 154 142 129 36 211 95 80 
ofv: 12.475021
f1: 12.475021
f2: 0.000000

Instance: /OVRP/300p5v.ovrp

Alpha: 1.0000004 3 275 108 162 153 29 169 99 245 236 67 87 142 249 140 289 247 83 296 50 181 5 45 251 81 295 122 9 196 207 63 55 110 290 145 283 128 95 36 100 104 216 242 60 86 22 159 14 259 89 240 200 176 77 70 304 131 144 156 298 223 40 256 269 208 301 49 65 113 161 76 25 146 53 52 277 262 255 117 180 91 229 152 302 212 137 39 1 133 209 203 239 151 143 210 233 42 43 85 74 253 268 300 37 69 211 232 13 172 238 194 30 123 260 61 171 170 98 167 46 278 2 41 189 217 291 182 219 228 0 222 227 105 155 94 252 127 32 72 254 265 107 243 44 34 183 160 103 264 26 257 231 241 11 282 78 90 136 134 148 199 163 121 21 206 165 18 250 168 51 177 111 205 221 58 8 135 273 124 75 224 186 115 59 285 266 93 62 198 292 16 193 139 35 190 27 286 191 31 7 214 47 195 294 130 157 187 23 154 101 288 147 274 48 24 220 230 12 112 258 166 184 54 175 92 237 281 57 218 303 174 88 179 204 66 244 248 197 79 64 28 125 118 246 192 215 279 201 276 119 132 56 102 20 141 80 164 17 284 73 15 96 33 19 116 71 226 173 84 188 178 280 68 287 234 126 120 297 293 271 109 263 10 138 129 202 38 97 82 213 261 6 267 270 225 149 114 185 299 150 235 158 272 106 
ofv: 12.798869
f1: 12.798869
f2: 0.000000

Instance: /OVRP/500p1v.ovrp

Alpha: 1.0000000 270 143 359 151 310 356 471 90 284 409 226 361 323 326 414 168 81 332 285 83 114 420 446 309 165 240 132 292 404 439 119 335 65 254 496 328 380 277 40 411 479 188 95 232 241 331 341 394 195 62 306 415 212 423 303 457 170 364 214 462 299 433 84 100 346 96 464 435 272 286 302 101 44 20 363 17 124 197 438 238 56 211 440 91 57 108 369 480 128 447 337 392 307 105 259 320 267 293 289 204 396 10 80 283 330 304 389 455 352 22 252 36 376 184 348 381 318 125 368 488 222 67 382 251 492 305 190 107 97 485 217 54 385 4 131 183 417 26 468 175 275 399 367 243 484 258 467 490 449 61 472 347 176 225 148 262 281 324 89 58 194 13 266 110 145 221 454 354 319 187 3 470 31 186 23 474 282 27 336 268 102 172 257 360 273 98 358 493 111 311 469 448 126 182 157 313 39 38 229 315 139 412 169 230 64 174 349 152 294 260 424 379 74 7 18 387 245 460 16 178 287 213 265 271 475 104 149 416 239 103 377 400 261 291 340 77 371 365 118 250 497 42 94 445 247 233 350 53 477 403 476 50 41 32 200 370 79 24 45 401 137 378 224 357 210 135 407 35 338 199 483 120 71 234 296 386 162 425 398 481 463 5 192 203 59 180 487 279 117 159 388 249 70 391 72 408 21 142 49 499 116 322 185 383 301 154 453 295 181 146 429 231 461 419 428 2 6 236 498 255 434 421 297 372 136 317 374 48 109 113 406 280 69 288 384 366 208 133 43 191 410 55 353 147 206 489 264 495 456 256 207 228 373 8 216 500 432 343 33 405 46 431 130 333 193 451 430 37 276 478 66 329 209 450 198 138 115 177 1 141 436 202 167 393 397 351 465 327 375 269 153 220 290 314 427 160 112 196 452 78 93 473 140 355 219 278 86 63 121 441 75 60 426 52 205 129 344 298 215 482 87 235 321 458 47 164 223 218 444 325 144 244 242 82 179 156 99 237 155 122 134 494 316 73 263 413 189 12 422 11 92 76 486 85 345 459 443 127 339 34 418 300 253 227 437 158 308 25 30 390 334 88 171 166 163 274 466 28 51 312 68 123 248 106 161 14 246 402 173 9 201 491 150 342 395 19 362 442 29 15 
ofv: 24.019334
f1: 24.019334
f2: 0.000000

Instance: /OVRP/500p3v.ovrp

Alpha: 1.0000001 89 227 150 300 196 210 212 191 14 13 424 321 476 189 29 183 268 362 322 269 47 451 492 469 260 275 51 54 144 360 131 207 340 485 184 237 410 72 251 179 126 235 249 79 373 293 330 382 367 402 263 168 16 248 404 375 175 344 493 203 363 328 325 170 40 494 394 65 453 9 262 477 273 255 229 423 295 403 462 115 178 484 386 359 25 284 338 148 455 421 430 75 318 496 136 87 124 39 378 285 370 490 8 69 107 474 63 384 180 78 444 31 17 265 290 368 415 71 139 245 81 62 343 333 213 214 425 301 413 42 418 241 352 55 93 470 123 138 85 140 389 280 181 84 311 481 308 102 279 105 379 342 447 446 166 49 365 209 416 323 122 73 222 488 114 259 4 224 291 324 267 254 38 391 186 82 232 171 436 187 257 500 238 385 454 66 332 306 12 118 398 206 501 374 486 315 83 307 441 329 230 434 502 59 304 467 395 498 358 250 108 399 489 274 442 401 417 440 277 177 117 497 491 28 390 419 406 23 111 414 162 94 15 408 226 159 393 334 339 428 26 443 242 335 396 64 348 366 90 173 34 437 199 98 466 336 52 182 400 427 478 43 405 479 216 464 58 88 239 157 198 174 104 270 303 156 233 431 463 297 223 456 472 188 33 380 18 349 253 100 50 376 309 287 243 97 167 190 240 32 27 151 448 221 357 296 457 354 24 106 439 310 246 77 294 41 231 317 208 141 149 355 113 412 326 193 346 217 289 261 215 299 247 432 76 101 426 381 244 116 234 195 134 372 197 146 132 449 130 407 266 388 298 482 327 19 281 119 161 3 143 164 353 165 96 483 7 194 205 61 314 53 70 30 473 92 312 163 272 411 22 152 364 271 450 57 283 264 91 60 429 316 292 471 313 128 155 6 133 2 278 36 341 95 80 211 452 331 68 302 475 445 129 420 480 176 350 383 127 320 200 351 154 142 347 461 0 220 225 103 46 286 145 361 153 125 276 468 499 465 120 252 44 169 288 256 67 460 201 45 135 37 409 137 5 356 147 112 282 495 74 236 192 121 458 337 35 48 433 202 369 305 392 86 459 435 172 422 160 158 20 319 11 109 99 228 218 10 487 397 21 219 56 387 377 185 258 345 371 110 438 204 
ofv: 21.699294
f1: 21.699294
f2: 0.000000

Instance: /OVRP/500p5v.ovrp

Alpha: 1.0000000 155 94 470 375 251 237 481 368 88 104 201 390 329 484 406 105 227 222 306 290 429 166 145 258 347 232 211 373 112 61 491 480 92 175 449 98 167 170 500 314 440 499 268 181 119 179 279 350 403 442 419 34 153 29 242 215 216 427 415 44 420 107 295 467 196 207 63 316 55 32 72 501 344 381 81 485 46 278 127 475 252 360 110 265 404 369 254 122 384 332 9 1 497 161 362 113 102 471 271 482 131 422 38 343 304 280 456 498 305 433 235 150 465 299 423 457 410 228 382 219 328 414 59 115 357 186 4 3 82 97 454 213 333 70 272 158 114 458 358 191 286 478 323 426 15 87 455 236 245 99 248 197 28 247 311 321 378 289 125 445 337 398 199 296 43 42 233 379 366 172 194 123 37 163 5 303 437 174 394 307 310 192 169 67 376 405 65 476 17 284 270 19 6 261 173 259 116 185 149 225 292 198 62 93 266 486 80 33 446 141 20 416 146 85 74 462 238 389 58 221 418 330 365 205 495 346 489 101 12 504 436 13 319 210 473 318 39 137 212 370 361 16 417 73 180 117 53 336 341 430 83 79 244 66 345 335 483 313 424 441 160 108 353 178 372 492 226 91 133 342 203 487 224 151 75 124 325 135 8 23 399 154 111 331 69 21 128 95 276 439 204 148 134 374 64 52 277 262 255 351 464 453 494 49 297 425 126 84 287 322 202 129 234 217 263 291 490 364 71 189 26 356 275 223 359 298 188 308 138 10 267 96 164 182 386 109 324 89 240 502 200 320 77 176 387 106 432 340 31 27 7 139 214 152 229 2 393 40 256 257 264 479 459 352 385 334 68 477 447 463 349 144 156 380 41 326 438 293 503 208 120 14 269 231 241 103 60 371 36 338 407 218 466 461 450 312 162 183 246 118 435 51 48 274 363 147 288 260 460 339 50 90 282 11 22 391 142 140 395 496 309 443 408 409 444 100 468 243 281 354 57 45 283 121 472 86 383 428 78 434 159 400 249 301 317 392 132 451 136 396 488 56 25 412 143 239 285 195 294 315 452 130 157 273 187 327 177 377 367 448 250 18 165 206 469 54 184 402 24 413 230 220 168 171 397 401 355 300 493 30 421 253 76 209 431 47 411 35 190 474 193 388 302 348 
ofv: 22.316443
f1: 22.316443
f2: 0.000000

Instance: /OVRP/100p1v.ovrp

Alpha: 0.8000000 14 57 47 44 20 8 97 9 19 72 21 49 48 83 63 86 74 99 22 36 93 78 34 66 64 80 37 10 18 7 82 95 56 25 30 40 53 77 94 42 28 51 59 5 68 90 88 50 41 84 100 46 52 98 16 87 58 43 35 31 3 23 27 12 11 69 89 55 71 4 54 38 39 81 70 26 33 65 17 1 91 32 96 62 75 60 79 24 45 61 67 85 6 73 2 15 29 76 92 13 
ofv: -6.156733
f1: 4.618518
f2: 10.775251

Instance: /OVRP/100p3v.ovrp

Alpha: 0.8000002 38 24 20 85 65 26 81 62 77 58 32 27 1 89 71 13 14 33 5 25 29 0 16 92 30 53 61 7 70 44 96 79 90 52 43 55 42 86 102 98 34 93 3 19 67 35 28 48 64 97 84 88 76 101 9 12 39 82 66 36 95 80 68 75 4 8 87 69 63 47 50 54 51 41 83 72 40 74 23 100 18 78 31 17 94 15 37 45 60 91 57 73 6 56 21 11 99 10 22 46 49 59 
ofv: -6.720129
f1: 4.055123
f2: 10.775251

Instance: /OVRP/100p5v.ovrp

Alpha: 0.8000002 26 40 41 14 22 11 103 78 90 86 99 50 5 95 36 45 54 92 81 98 46 94 32 55 72 9 63 3 82 97 38 70 68 84 89 71 10 77 6 19 33 80 96 17 73 15 16 31 27 7 35 39 47 62 93 59 4 0 18 48 24 12 101 23 58 8 75 42 13 51 61 21 69 37 30 74 85 43 76 25 53 56 102 52 28 83 64 79 66 100 104 88 44 57 1 91 20 65 49 87 67 60 34 29 
ofv: -6.707225
f1: 4.068026
f2: 10.775251

Instance: /OVRP/300p1v.ovrp

Alpha: 0.8000000 246 218 270 143 284 44 101 223 164 47 108 57 17 279 124 91 197 175 275 200 159 254 202 14 161 151 167 180 50 272 195 144 130 132 60 24 121 63 278 99 74 82 211 96 32 162 286 141 207 228 256 65 26 81 39 49 142 72 120 71 206 38 229 139 147 182 235 157 21 70 249 128 62 100 84 170 299 214 40 53 233 247 77 103 239 277 41 88 171 166 291 94 163 106 42 274 123 248 90 28 68 51 59 203 192 5 250 118 261 212 238 155 116 185 169 134 236 85 213 267 293 289 204 138 83 285 136 61 105 215 224 280 69 11 221 145 110 295 181 266 13 92 160 259 67 222 6 196 172 73 102 268 154 231 146 27 186 31 135 210 55 111 126 220 153 183 168 9 107 173 8 216 20 226 97 150 201 19 217 54 4 131 269 205 129 98 45 297 245 18 179 158 149 25 30 56 188 165 95 241 232 242 156 104 260 10 255 187 282 23 3 12 189 288 194 191 290 281 199 234 190 119 33 264 296 117 1 177 115 46 292 52 109 225 148 298 208 133 35 43 58 89 262 87 176 178 287 112 257 2 263 15 29 76 137 16 113 251 258 273 48 243 79 75 240 244 193 114 86 7 237 227 253 265 37 122 230 80 184 283 125 198 64 174 152 36 252 22 271 219 294 140 276 66 300 127 34 209 93 78 
ofv: -22.644924
f1: 9.763561
f2: 32.408485

Instance: /OVRP/300p3v.ovrp

Alpha: 0.8000002 38 254 267 171 87 238 8 198 233 148 112 147 29 189 284 25 5 223 183 297 156 270 104 174 136 127 200 278 66 285 186 82 12 157 20 65 123 77 134 132 213 58 32 27 151 262 296 142 154 24 255 229 9 280 76 88 244 116 140 247 206 118 187 232 0 110 298 161 3 126 93 34 274 177 277 199 98 102 86 172 301 216 42 55 279 241 105 263 120 252 7 194 205 61 70 276 44 165 96 293 79 249 235 214 240 160 106 273 221 176 302 129 36 95 80 211 68 75 4 17 31 78 111 100 54 51 144 72 28 266 281 256 204 163 16 248 49 21 219 133 271 155 122 73 185 6 56 192 258 169 108 250 125 168 173 90 43 52 182 164 288 143 121 236 40 74 159 207 131 264 283 57 113 184 222 128 60 45 212 137 33 188 191 14 13 71 226 217 18 253 260 275 50 26 195 246 242 62 81 245 287 138 47 180 94 15 282 268 265 114 259 224 69 257 124 39 239 101 158 181 84 243 294 251 170 203 152 99 228 22 46 286 145 272 153 92 30 53 1 292 193 91 227 139 261 107 63 115 178 201 237 149 141 208 231 11 109 175 10 218 209 230 67 35 64 190 167 97 234 85 299 291 295 269 215 289 162 290 37 135 210 196 300 150 89 23 41 83 130 48 146 197 202 117 179 119 19 59 220 225 103 166 
ofv: -22.210138
f1: 10.198347
f2: 32.408485

Instance: /OVRP/300p5v.ovrp

Alpha: 0.8000004 1 152 299 150 235 158 272 176 200 89 259 120 159 208 249 67 245 248 66 204 181 119 50 134 148 199 244 197 125 28 296 132 37 268 300 112 61 18 165 155 250 51 211 232 111 154 23 221 58 8 187 135 273 157 124 75 151 224 130 186 115 59 203 143 233 42 30 163 5 128 276 179 279 104 88 174 218 281 243 44 303 215 60 192 169 246 90 241 231 257 264 162 242 57 237 107 251 81 295 265 122 254 9 2 156 298 26 256 40 84 234 240 226 71 297 301 142 236 99 201 36 45 92 175 98 32 55 63 196 207 72 278 46 167 170 54 184 166 21 121 283 136 79 64 83 247 289 140 52 85 253 74 43 146 53 56 102 113 209 133 266 294 195 62 47 39 190 35 139 214 3 0 206 171 94 127 252 110 290 145 69 260 123 210 239 285 93 302 198 212 137 7 27 286 191 31 114 185 33 263 271 22 11 282 78 103 160 183 86 118 87 49 65 141 219 228 292 193 16 15 225 149 270 73 284 17 96 164 80 182 291 10 138 129 202 280 304 131 38 97 82 213 70 178 144 223 275 108 153 29 34 216 100 95 258 222 227 105 168 48 274 147 288 24 220 12 230 101 177 13 194 238 161 255 109 217 293 189 173 126 14 269 41 188 68 287 77 106 267 19 6 261 116 20 180 229 91 117 262 277 25 76 172 205 
ofv: -22.169154
f1: 10.239331
f2: 32.408485

Instance: /OVRP/500p1v.ovrp

Alpha: 0.8000000 343 256 456 327 9 323 326 385 183 206 408 142 52 138 387 252 36 348 381 64 330 283 304 122 169 112 15 454 319 3 23 474 282 187 27 354 29 442 486 320 372 285 195 200 468 91 397 393 171 477 40 411 462 299 238 446 308 253 389 349 174 300 93 78 339 34 209 450 418 127 443 473 478 276 10 155 188 211 423 457 390 303 306 451 116 322 434 293 490 467 449 45 499 204 396 22 352 455 475 104 99 331 341 438 464 487 398 425 162 1 177 115 431 447 484 48 382 263 453 419 428 2 257 83 63 95 165 242 114 232 241 244 240 440 197 399 212 30 25 149 158 156 227 152 140 345 459 294 355 219 271 260 278 193 75 60 79 24 401 472 105 259 360 452 66 329 268 301 154 461 266 406 224 378 160 76 347 251 258 132 370 130 46 388 417 26 296 465 356 106 496 286 49 16 12 422 280 13 92 178 392 337 394 367 275 346 100 96 32 124 17 57 108 369 246 436 202 310 471 123 28 51 312 68 5 463 328 380 118 365 400 371 445 279 117 159 128 292 332 374 317 307 121 441 405 386 254 302 248 466 497 250 261 340 247 233 277 239 103 377 77 88 476 180 50 41 403 334 364 433 170 84 415 479 309 82 437 179 420 56 435 272 351 167 90 59 203 192 291 350 53 416 214 175 62 333 144 489 264 495 33 335 65 480 325 141 166 163 94 481 42 274 151 161 14 444 218 223 164 47 373 19 217 375 315 157 358 412 113 176 344 298 43 133 208 194 137 61 18 430 237 245 297 289 421 85 6 383 196 172 73 316 494 255 185 80 184 376 37 265 7 74 424 379 86 273 109 338 199 147 120 71 361 201 491 20 409 284 44 270 143 359 101 402 363 500 432 207 228 119 439 404 249 70 81 98 460 287 231 429 146 110 181 295 102 230 318 198 125 368 488 134 498 236 222 67 213 267 136 243 426 313 39 72 235 182 353 448 111 262 129 205 87 225 148 89 281 483 139 229 38 458 234 168 414 362 54 4 131 321 220 469 314 407 135 470 186 31 191 324 55 410 290 427 35 210 189 357 288 215 482 493 21 391 492 305 190 107 173 8 216 226 97 485 342 150 395 269 153 126 311 58 366 384 69 413 11 221 145 336 
ofv: -34.430991
f1: 18.008577
f2: 52.439567

Instance: /OVRP/500p3v.ovrp

Alpha: 0.8000000 110 371 482 327 388 497 406 40 141 237 485 57 412 292 193 429 409 137 212 386 368 135 37 45 60 91 264 131 360 376 309 123 443 77 335 202 470 117 266 67 35 28 390 251 393 159 226 424 356 189 476 284 29 268 31 444 488 384 138 287 245 394 54 144 51 374 436 187 257 238 8 362 484 150 227 89 180 289 114 259 4 104 75 496 454 127 320 200 480 278 176 66 285 370 490 500 87 224 261 23 410 231 317 208 201 340 359 191 14 415 71 282 162 462 63 85 234 97 213 348 102 392 459 401 440 64 197 146 132 449 372 26 65 229 457 354 24 157 206 215 69 13 456 290 196 300 326 113 355 494 130 48 179 126 93 274 34 466 366 105 379 342 402 263 293 216 305 417 481 140 430 421 431 148 338 112 147 223 94 15 178 115 495 74 307 121 329 230 209 434 502 365 345 258 458 337 2 38 391 154 142 347 461 475 445 1 207 149 73 122 323 271 155 128 450 471 316 33 188 472 25 5 321 210 313 222 377 416 325 344 109 375 225 248 438 204 498 358 250 125 252 330 382 120 367 373 169 467 286 411 22 175 11 10 218 228 99 487 219 56 387 6 185 133 184 283 346 408 380 217 469 260 339 58 240 27 151 106 477 273 221 357 296 351 350 383 332 306 186 82 378 432 116 244 389 20 9 76 101 280 12 136 318 174 198 385 324 118 398 167 308 369 277 177 98 90 7 194 205 61 314 53 30 108 182 43 405 279 352 55 336 281 119 256 304 16 163 153 312 92 473 276 44 483 96 447 418 464 301 435 172 199 442 437 3 161 59 46 145 361 272 103 404 298 407 433 396 422 439 243 195 246 242 134 294 334 41 83 72 441 236 364 21 397 152 493 203 363 328 170 419 491 19 143 489 52 478 479 235 79 249 241 42 413 214 311 181 381 426 158 262 255 254 39 267 239 88 190 333 343 62 81 428 319 275 50 486 315 460 192 49 166 220 446 288 164 427 400 353 399 395 499 465 70 468 165 168 173 86 425 32 448 310 160 84 453 253 414 18 139 17 265 455 233 463 297 183 78 349 111 100 492 451 47 403 474 107 322 269 299 247 501 295 291 423 171 124 232 68 331 452 341 36 302 129 420 95 80 211 303 270 156 
ofv: -34.931952
f1: 17.507615
f2: 52.439567

Instance: /OVRP/500p5v.ovrp

Alpha: 0.8000002 353 202 70 333 422 131 304 482 280 68 393 231 90 244 66 276 170 470 55 32 252 360 110 167 98 375 295 265 4 3 144 126 267 225 458 426 16 193 198 302 348 486 20 141 490 272 305 158 149 31 191 7 27 478 286 340 150 433 77 320 498 456 372 129 322 287 492 138 502 240 1 133 209 342 266 93 152 91 497 204 104 88 174 394 307 427 153 450 162 183 441 108 257 26 459 356 275 223 359 349 463 477 447 0 406 436 211 377 221 58 8 157 130 452 414 328 219 382 164 80 291 226 234 334 385 308 188 40 256 241 434 11 282 86 313 192 398 199 148 50 392 74 253 496 309 187 135 273 325 124 75 151 229 33 19 457 465 235 106 176 200 387 6 261 10 89 259 189 438 87 67 197 248 472 119 181 5 128 54 480 92 175 401 355 402 429 95 444 179 279 371 419 34 29 312 160 78 103 264 479 298 156 178 454 213 82 97 343 38 352 269 14 326 120 208 503 140 311 317 408 443 172 327 331 329 491 338 407 45 166 504 101 154 399 23 365 121 283 163 409 451 374 64 247 396 56 53 146 362 113 416 351 324 217 173 84 380 41 246 335 345 215 442 350 403 310 245 236 118 455 289 405 476 65 49 28 83 430 79 337 134 435 132 85 43 395 412 161 285 59 203 143 233 76 25 117 180 228 17 284 73 417 292 388 370 212 137 47 431 294 239 238 123 13 177 111 489 346 495 205 421 336 296 445 125 400 159 391 142 376 453 494 262 277 52 378 488 30 484 373 112 61 448 222 227 105 363 274 48 168 51 367 12 230 220 24 413 288 147 250 165 18 206 290 184 481 107 381 344 254 72 316 63 9 122 369 404 237 36 439 201 100 468 368 218 420 44 415 466 303 437 461 216 60 483 169 99 297 293 425 71 364 446 96 15 358 323 474 190 35 139 411 39 318 473 315 115 487 210 232 440 155 314 94 475 127 278 501 467 384 332 196 207 347 194 186 357 319 42 462 460 260 339 69 37 493 136 341 321 255 464 182 270 185 114 299 423 432 116 263 109 386 471 102 330 418 366 379 389 224 195 62 214 361 410 271 301 249 22 428 383 424 242 57 354 281 243 251 81 449 485 46 500 397 171 469 306 258 390 268 499 300 21 145 
ofv: -34.771598
f1: 17.667969
f2: 52.439567

Instance: /OVRP/100p1v.ovrp

Alpha: 0.5000000 14 90 28 51 59 5 68 42 94 77 88 50 41 53 40 84 100 96 32 91 1 17 33 65 57 47 44 20 8 97 9 26 46 75 63 18 10 37 80 64 34 93 78 66 73 2 6 85 67 61 45 24 79 60 62 56 30 25 95 82 86 74 99 7 22 36 83 48 52 49 39 81 70 38 72 21 98 87 16 76 29 15 92 13 69 11 12 27 23 3 31 35 43 58 89 55 71 4 54 19 
ofv: -24.281570
f1: 2.656559
f2: 26.938129

Instance: /OVRP/100p3v.ovrp

Alpha: 0.5000002 66 68 36 95 80 1 89 18 0 16 92 30 53 61 7 70 44 96 79 90 52 59 49 46 22 10 99 11 21 56 6 73 57 91 60 45 37 33 5 25 29 14 13 71 15 94 78 31 17 4 75 8 87 82 38 24 39 12 69 63 47 50 26 81 62 77 48 3 93 34 98 102 64 65 85 20 9 101 76 88 84 97 58 27 32 86 42 55 43 19 67 35 28 72 83 41 40 74 23 51 54 100 
ofv: -24.385216
f1: 2.552912
f2: 26.938129

Instance: /OVRP/100p5v.ovrp

Alpha: 0.5000004 1 59 39 47 62 93 91 65 49 52 28 83 64 79 99 60 29 34 104 88 44 57 92 81 98 46 72 9 63 55 32 94 18 48 24 12 101 2 40 26 22 11 103 78 86 90 67 87 0 61 51 13 23 58 8 75 3 82 97 38 70 68 84 41 14 71 89 10 77 6 19 33 96 15 31 27 7 35 16 73 17 80 20 102 56 53 25 76 42 43 85 74 50 66 100 36 45 54 95 5 21 69 37 30 
ofv: -24.315936
f1: 2.622192
f2: 26.938129

Instance: /OVRP/300p1v.ovrp

Alpha: 0.5000000 202 171 88 41 32 272 200 195 144 130 75 60 79 243 48 273 258 61 105 259 112 15 263 2 257 222 67 289 293 297 204 116 185 255 6 196 172 73 102 268 154 137 16 176 87 262 281 199 235 131 183 4 54 217 19 150 107 173 218 246 14 161 151 90 123 274 42 163 211 56 188 165 95 241 121 24 132 26 256 97 226 216 8 108 57 17 279 117 159 72 21 157 147 220 126 182 139 229 38 33 264 296 1 124 91 175 275 232 114 82 156 99 260 294 140 300 127 34 93 78 209 66 230 134 236 85 169 122 10 155 7 179 158 149 25 30 212 100 84 170 214 53 277 239 247 77 233 96 197 62 240 244 193 63 136 267 213 287 178 76 160 29 92 13 280 69 288 194 58 89 129 205 251 45 245 227 253 22 219 271 104 299 291 5 192 203 59 51 68 28 248 106 167 286 141 254 65 190 234 206 71 120 269 153 111 55 290 191 43 35 135 3 23 186 31 210 224 215 113 98 49 142 115 177 162 180 50 166 94 250 118 261 103 40 238 242 86 74 278 265 37 184 80 283 125 198 276 64 174 152 36 252 237 18 138 83 285 39 81 70 249 119 20 284 143 270 44 101 223 164 47 207 228 9 201 168 128 46 292 52 109 225 148 298 208 133 189 12 11 221 266 181 295 231 146 110 145 27 187 282 
ofv: -74.285985
f1: 6.735227
f2: 81.021212

Instance: /OVRP/300p3v.ovrp

Alpha: 0.5000001 264 91 0 153 92 30 53 61 205 194 2 296 221 273 24 254 238 8 233 148 112 147 223 13 290 196 300 150 227 178 260 275 50 54 130 161 19 119 281 3 179 117 202 64 242 243 234 116 84 181 158 101 229 255 262 106 160 213 277 199 126 93 98 86 172 301 42 279 241 105 79 249 173 90 52 182 164 288 143 256 59 110 298 266 35 28 83 111 115 217 226 210 135 37 45 60 193 292 128 155 56 219 21 152 99 228 218 220 16 163 250 70 7 252 120 263 293 96 235 55 216 102 177 197 146 132 134 294 41 208 73 122 141 159 23 144 245 81 62 77 26 123 244 88 76 280 9 239 206 295 215 289 78 162 71 14 191 212 137 33 188 5 25 284 189 29 297 265 4 198 127 200 278 302 129 36 95 80 211 68 75 174 259 114 180 139 18 89 131 207 74 40 231 185 6 133 271 222 184 113 57 283 201 237 149 170 203 109 11 230 209 49 258 67 251 72 51 100 253 63 47 138 48 274 34 43 168 165 44 276 125 108 169 204 248 166 225 103 46 272 145 286 22 10 175 121 192 236 287 85 20 157 12 187 118 291 17 31 94 15 282 268 183 156 270 104 136 232 285 82 186 66 176 142 154 38 267 39 124 171 257 87 224 69 261 107 269 299 247 140 65 195 246 97 167 190 58 240 151 27 32 214 
ofv: -74.988321
f1: 6.032891
f2: 81.021212

Instance: /OVRP/300p5v.ovrp

Alpha: 0.5000002 144 178 68 1 266 285 294 195 47 212 137 39 214 139 35 190 7 27 286 191 31 149 114 185 270 284 17 96 33 19 261 10 208 249 142 99 169 192 215 60 162 108 264 269 41 14 189 259 4 0 206 110 46 278 9 196 207 63 127 252 61 112 21 163 134 244 248 289 140 117 180 91 113 102 247 83 64 28 49 71 226 109 65 3 97 82 213 38 131 304 70 234 126 173 89 240 200 6 193 16 15 225 299 267 116 217 301 282 78 160 183 86 242 88 174 303 44 243 237 107 98 167 170 171 155 147 288 24 230 101 154 205 23 172 194 177 51 168 222 258 276 216 34 29 153 275 223 298 156 26 103 236 245 197 43 85 74 253 42 210 75 124 224 186 203 93 302 219 228 164 80 141 20 255 262 277 52 296 50 119 181 201 100 36 166 184 54 45 57 281 218 104 279 179 204 66 199 148 132 238 221 58 8 187 135 273 157 130 115 59 62 198 292 73 150 235 158 272 106 77 176 138 129 202 280 287 84 188 40 256 257 231 241 11 90 246 118 67 56 53 146 25 161 76 233 143 151 239 209 133 152 229 182 291 263 271 297 293 120 159 22 87 125 79 136 30 123 13 111 12 220 48 274 105 227 250 18 165 94 32 55 72 254 122 265 295 81 251 175 92 95 128 5 283 121 268 37 232 211 260 69 300 145 290 
ofv: -74.662347
f1: 6.358865
f2: 81.021212

Instance: /OVRP/500p1v.ovrp

Alpha: 0.5000000 101 44 20 409 284 143 359 270 223 444 124 272 197 415 30 25 238 56 341 240 60 79 243 258 460 76 160 13 11 354 187 23 3 135 407 314 469 448 126 153 269 362 9 228 373 173 107 342 150 491 361 326 168 234 332 307 267 213 67 222 85 488 368 125 478 443 473 174 349 227 237 232 241 130 46 405 489 456 327 207 8 216 226 97 485 201 414 113 16 178 287 112 257 2 172 494 452 329 66 276 198 318 330 64 381 348 22 352 455 475 104 308 438 399 346 100 171 166 42 5 192 203 59 312 51 68 28 33 417 492 72 408 157 176 137 442 263 453 295 110 145 181 15 360 283 304 152 140 345 459 127 418 300 294 355 219 271 437 211 175 440 1 159 117 386 296 495 388 249 70 39 391 21 49 52 484 392 63 451 114 242 82 420 165 394 200 468 177 115 431 370 121 245 204 169 122 230 498 236 6 383 196 102 419 428 255 185 322 116 155 430 278 74 379 424 156 179 309 212 423 462 334 41 162 254 57 108 264 128 447 132 426 449 347 69 413 474 282 27 336 154 301 268 73 316 134 434 387 195 91 496 90 471 274 123 248 356 106 466 250 365 400 261 340 291 371 94 445 88 476 50 180 487 279 17 325 480 402 218 164 47 65 335 26 292 337 374 48 273 490 372 138 18 7 99 158 446 149 40 416 239 103 77 247 233 477 464 96 275 367 306 331 479 188 95 86 260 253 252 36 389 184 80 376 37 265 10 396 499 45 98 139 183 4 54 385 375 315 493 109 251 61 421 450 209 78 93 339 34 377 118 380 328 463 497 481 163 403 364 84 390 303 457 170 433 299 411 214 53 350 277 393 310 151 161 14 246 363 500 432 119 458 38 229 206 71 120 321 147 235 483 311 208 366 357 189 210 35 133 43 427 58 87 358 142 313 81 439 190 323 395 19 217 131 220 182 353 406 280 266 146 429 231 461 92 378 262 205 129 412 467 317 24 441 75 333 144 244 193 285 136 401 472 259 486 29 221 454 319 470 186 31 422 12 384 194 298 344 281 338 199 111 55 410 290 191 324 89 148 482 382 105 320 293 289 297 83 62 435 32 425 398 351 397 167 465 286 141 302 202 436 369 343 256 404 305 225 215 224 288 
ofv: -119.846660
f1: 11.252258
f2: 131.098918

Instance: /OVRP/500p3v.ovrp

Alpha: 0.5000000 438 358 44 276 468 30 70 499 483 96 165 498 248 446 365 502 375 364 387 185 122 73 2 351 176 480 302 129 154 38 254 255 280 76 97 167 190 213 417 305 459 435 418 42 413 301 172 374 269 8 385 198 370 127 420 36 341 95 80 1 131 207 141 40 441 419 121 329 175 109 493 203 416 236 309 138 287 85 239 229 262 158 181 422 311 240 392 86 437 274 281 119 161 266 497 35 192 325 328 363 344 10 22 411 286 145 361 272 46 404 371 110 482 67 337 406 307 393 410 196 368 359 191 71 408 226 380 78 289 261 423 118 324 257 500 136 490 454 496 318 174 238 87 224 259 4 265 444 217 326 292 193 60 386 415 223 112 148 431 156 303 331 211 452 68 75 104 270 430 455 297 147 29 212 135 300 150 89 159 23 315 334 343 333 151 27 32 308 132 83 72 251 494 41 294 339 428 134 48 117 179 479 249 379 105 235 396 335 62 81 245 26 77 177 366 55 352 216 464 369 64 443 123 453 88 9 20 389 501 157 12 39 378 186 350 383 124 187 436 291 299 47 260 275 390 491 256 304 92 473 465 7 330 382 120 252 395 169 258 170 377 271 155 128 471 429 45 210 290 15 94 31 17 114 69 295 432 101 381 426 244 116 234 243 146 433 327 59 220 225 103 166 434 345 298 388 143 427 400 173 90 405 93 126 3 407 130 54 100 111 360 495 264 91 346 268 183 488 492 319 394 372 197 277 348 102 199 442 470 449 486 253 414 349 180 384 63 451 51 460 487 99 228 218 49 467 447 373 342 263 402 367 194 205 61 314 53 293 79 279 241 425 214 448 310 439 477 354 457 221 273 106 84 246 458 209 230 11 152 397 21 219 56 6 133 323 149 222 450 316 37 409 137 33 188 472 5 25 476 284 189 338 463 233 421 362 474 403 469 144 74 231 317 208 184 355 113 313 412 57 283 227 484 139 162 282 13 424 456 356 321 14 178 18 462 107 322 215 171 232 285 320 200 278 445 475 461 347 142 296 357 391 24 160 481 58 440 401 98 34 489 288 204 16 163 153 312 43 336 466 376 50 115 340 201 485 237 28 19 164 182 353 399 108 250 125 168 478 52 202 242 195 65 140 247 206 398 267 82 306 332 66 
ofv: -119.488966
f1: 11.609952
f2: 131.098918

Instance: /OVRP/500p5v.ovrp

Alpha: 0.5000004 81 449 314 155 363 48 24 399 221 273 157 130 452 357 186 487 203 161 25 412 124 75 210 42 238 462 443 309 395 76 292 20 351 471 277 52 66 371 279 179 444 276 95 491 402 429 166 283 163 204 199 148 435 50 119 181 338 45 184 211 232 260 69 132 476 386 291 0 448 250 2 353 280 1 266 285 93 96 457 465 235 423 432 272 320 498 138 326 120 400 249 142 118 310 350 104 368 407 481 237 92 175 500 360 252 475 127 278 470 344 251 281 88 394 216 450 162 183 441 160 246 236 374 336 296 341 430 247 64 79 445 125 3 97 82 213 454 447 477 68 334 84 14 28 451 409 306 206 165 18 440 484 30 392 317 80 446 33 270 185 299 267 19 438 189 259 364 164 228 198 212 370 388 361 193 16 417 73 284 106 77 176 200 387 6 114 458 358 31 191 286 478 27 7 139 214 486 262 378 321 49 405 65 453 53 327 205 346 111 13 339 37 499 268 390 439 100 403 442 215 99 22 391 159 208 503 271 324 263 109 376 140 201 354 57 218 174 461 307 419 242 60 335 345 396 494 255 464 141 182 490 116 261 10 240 502 234 380 26 356 459 269 41 352 178 463 349 144 223 479 275 108 312 153 29 34 483 192 169 337 136 85 74 253 460 347 373 112 61 258 145 290 401 170 98 375 243 44 415 466 468 36 128 21 329 300 493 421 408 496 43 362 497 133 209 239 151 177 377 504 51 274 147 288 413 220 230 101 23 382 17 225 149 340 150 433 158 305 456 287 156 298 359 40 256 231 241 434 289 311 342 59 414 294 195 328 91 416 117 180 229 152 348 302 137 39 318 431 47 62 115 143 233 172 418 330 365 495 154 489 12 406 94 55 316 397 469 366 58 135 325 224 315 473 411 35 190 474 323 426 15 410 219 102 113 488 83 197 245 103 264 257 393 385 308 188 11 282 78 90 455 67 56 146 319 187 8 389 379 194 123 331 436 367 168 105 227 222 121 5 472 398 244 248 383 428 86 424 313 427 437 303 420 107 381 265 404 369 122 9 63 207 196 332 384 254 295 480 54 167 485 46 501 467 72 32 110 171 355 134 87 301 293 297 425 173 126 129 333 70 322 372 492 89 226 71 217 202 482 304 131 422 38 343 
ofv: -119.129491
f1: 11.969427
f2: 131.098918

Instance: /OVRP/100p1v.ovrp

Alpha: 0.2000000 47 65 33 26 70 81 72 21 98 16 92 13 69 11 12 27 23 3 31 35 43 58 89 55 38 39 49 52 48 45 61 67 6 85 80 64 34 93 78 66 73 2 15 29 76 87 71 4 54 19 9 97 8 20 44 14 57 17 91 32 96 100 84 40 53 77 94 42 68 5 59 51 28 90 88 50 41 1 46 62 56 30 25 95 82 86 74 99 7 22 36 37 10 18 83 63 24 79 60 75 
ofv: -42.008769
f1: 1.092236
f2: 43.101006

Instance: /OVRP/100p3v.ovrp

Alpha: 0.2000001 89 85 65 26 81 62 77 48 64 98 102 86 32 27 58 97 84 88 76 101 9 20 12 82 66 36 95 80 68 75 4 17 31 94 71 37 45 60 91 57 0 16 46 22 99 10 49 59 35 28 72 83 41 100 18 78 15 13 14 29 25 5 33 2 24 38 39 87 8 69 63 47 50 54 51 23 74 40 73 6 56 21 11 67 19 3 93 34 42 55 43 52 90 79 96 44 92 30 53 70 7 61 
ofv: -42.048108
f1: 1.052897
f2: 43.101006

Instance: /OVRP/100p5v.ovrp

Alpha: 0.2000003 82 97 38 70 1 91 80 33 19 20 102 52 28 83 64 79 66 50 5 21 61 51 48 24 12 101 13 23 58 8 75 59 93 62 47 39 35 7 27 31 16 15 73 17 96 0 18 92 54 45 88 104 100 36 95 37 69 30 74 85 43 42 76 25 53 56 49 65 71 6 77 10 89 68 84 41 14 22 87 67 4 2 40 26 11 103 78 90 86 99 60 29 34 44 57 81 98 46 94 32 55 72 9 63 
ofv: -42.050297
f1: 1.050709
f2: 43.101006

Instance: /OVRP/300p1v.ovrp

Alpha: 0.2000000 20 216 8 226 97 150 19 217 54 4 183 131 269 153 126 148 76 112 257 6 85 236 196 134 230 125 283 80 36 22 219 271 99 74 86 114 95 188 56 238 211 240 75 48 113 16 160 92 13 280 12 189 135 210 35 133 208 194 298 58 191 290 55 281 262 89 43 31 186 3 23 282 187 27 145 110 146 73 66 300 34 209 78 93 127 276 198 172 102 268 154 231 295 181 266 221 11 69 288 224 215 225 87 157 39 81 249 70 38 229 206 71 120 147 220 182 129 176 137 178 287 29 15 263 2 222 67 213 267 136 285 121 193 244 128 26 33 264 296 254 141 286 180 50 32 96 197 275 241 232 243 52 49 142 21 72 139 235 111 199 205 109 45 297 245 138 83 24 79 60 132 46 159 117 17 57 108 218 223 101 270 44 284 143 151 90 68 250 118 5 192 203 59 51 28 274 42 171 88 41 100 84 214 53 277 239 103 247 77 261 291 94 163 166 233 40 299 170 212 30 25 149 165 242 237 265 37 184 64 174 140 152 294 252 289 293 259 105 61 251 98 258 273 292 130 144 195 175 272 91 124 162 167 106 123 248 161 14 202 246 164 47 173 9 107 201 168 234 190 119 65 256 228 207 279 1 177 115 200 62 63 18 204 116 185 255 169 122 10 155 7 278 82 158 179 156 104 260 253 227 
ofv: -127.238238
f1: 2.395701
f2: 129.633939

Instance: /OVRP/300p3v.ovrp

Alpha: 0.2000002 38 39 267 254 255 229 12 118 206 140 65 243 97 167 190 213 277 177 64 197 202 35 67 258 230 10 228 218 256 288 164 182 52 90 1 226 15 282 94 268 183 297 0 248 204 169 168 293 263 105 241 279 55 43 175 109 203 21 219 56 6 222 184 113 283 91 300 290 71 13 29 189 284 25 5 188 33 137 212 135 210 196 217 139 138 287 123 77 62 81 26 245 294 130 117 179 34 173 44 276 70 7 165 96 79 249 235 42 216 301 172 86 240 58 76 280 9 20 247 299 107 261 289 78 162 31 17 265 4 198 8 87 238 136 232 285 127 200 278 66 186 82 124 291 295 269 63 18 115 178 227 193 292 60 45 37 191 14 223 147 112 148 233 156 270 104 75 174 171 257 187 157 239 101 158 160 151 27 32 214 102 98 199 274 93 126 3 161 119 281 19 59 110 49 166 220 225 103 46 272 145 286 22 99 152 208 141 100 253 260 275 85 244 84 181 106 273 221 296 142 302 129 36 95 80 211 68 176 154 24 262 88 116 234 195 246 242 134 132 146 48 251 231 185 133 271 155 128 57 150 180 114 259 224 69 215 47 50 54 41 83 72 28 266 298 143 108 250 125 252 120 194 205 61 53 30 92 153 163 16 209 11 170 73 122 149 237 201 89 111 51 144 131 264 207 159 23 74 40 236 192 121 
ofv: -127.166831
f1: 2.467108
f2: 129.633939

Instance: /OVRP/300p5v.ovrp

Alpha: 0.2000003 144 68 234 138 89 226 71 217 271 140 289 125 28 247 83 64 136 148 199 66 204 163 21 61 112 222 227 48 274 105 258 145 5 181 119 50 134 248 197 245 236 118 246 90 103 108 264 257 26 269 14 189 109 65 255 102 25 146 53 56 87 142 249 22 241 275 223 298 156 178 280 202 129 272 31 191 286 27 7 190 4 0 168 51 177 172 221 58 8 187 143 76 79 244 60 242 29 34 216 88 174 218 45 92 175 1 141 80 164 228 219 302 62 152 229 113 262 67 99 169 192 215 104 54 167 32 72 55 63 207 196 9 254 122 265 81 251 237 57 281 243 2 41 120 208 301 49 277 52 296 132 179 279 201 100 276 36 95 128 283 121 268 69 260 123 238 75 124 151 239 186 203 115 59 285 47 137 39 214 139 35 193 16 292 198 93 266 133 209 161 43 85 74 253 194 111 12 220 24 230 101 154 23 205 13 232 211 250 206 171 110 170 184 166 290 300 37 30 42 233 210 135 273 157 224 130 294 195 212 73 15 284 17 96 33 19 106 77 304 131 38 97 82 213 70 176 200 10 240 126 173 259 261 267 299 185 270 225 149 114 150 235 158 6 116 291 182 20 180 91 117 263 297 293 159 231 256 40 188 287 84 11 282 78 160 183 86 162 153 303 44 107 295 98 46 278 127 252 94 155 165 18 147 288 
ofv: -127.056443
f1: 2.577497
f2: 129.633939

Instance: /OVRP/500p1v.ovrp

Alpha: 0.2000000 202 393 166 171 88 403 334 487 91 124 45 486 112 2 257 6 236 196 383 263 15 29 92 280 413 69 406 16 490 317 392 132 370 306 341 331 165 244 484 49 157 139 385 375 362 414 326 168 46 431 144 130 240 193 451 237 227 253 260 308 446 158 437 104 475 455 352 99 232 241 200 386 480 218 223 101 164 47 327 404 249 70 313 391 72 408 21 52 307 86 379 424 18 204 396 255 498 85 421 297 245 138 95 211 433 299 103 400 261 94 371 291 340 377 77 247 477 233 214 170 238 74 278 7 499 461 146 336 27 422 191 54 19 491 141 50 476 41 272 374 449 442 181 110 145 454 354 319 470 31 12 189 357 366 482 367 175 464 364 445 163 481 68 312 51 28 123 248 151 270 44 20 150 395 217 269 153 126 448 469 311 410 55 111 353 182 147 315 229 447 195 188 420 478 34 339 418 152 22 156 179 82 309 479 56 415 303 390 457 423 212 271 219 355 294 140 443 127 300 172 102 268 428 419 453 266 288 384 58 324 281 483 235 206 65 496 274 466 250 365 118 380 328 5 463 497 42 106 356 359 143 284 409 216 8 226 97 485 107 9 456 335 33 26 388 81 39 492 305 439 228 432 402 444 246 436 369 343 256 119 190 323 342 173 207 286 425 162 279 117 159 405 128 292 142 262 314 427 43 224 178 267 293 289 116 10 37 376 80 122 169 185 430 149 25 30 438 468 489 264 495 296 254 302 465 471 203 192 59 90 310 38 205 129 412 251 372 136 121 24 243 79 75 441 83 387 155 265 304 64 198 66 329 231 295 221 11 13 160 76 113 109 358 87 225 148 344 298 89 199 338 287 488 368 230 213 105 382 493 321 71 120 183 4 131 220 290 210 187 282 474 23 3 186 135 407 35 133 208 194 176 98 332 337 426 60 333 394 62 115 1 17 325 108 57 398 180 351 397 167 161 14 363 500 373 201 361 234 458 417 177 440 100 84 346 399 275 197 96 462 411 40 416 239 277 350 53 32 435 48 273 258 467 347 215 378 137 460 285 63 114 242 389 348 381 330 283 125 318 276 174 349 345 459 473 93 78 209 450 452 134 222 320 401 61 472 259 360 67 434 322 252 36 184 494 316 73 301 154 429 
ofv: -204.693288
f1: 5.064980
f2: 209.758268

Instance: /OVRP/500p3v.ovrp

Alpha: 0.2000000 256 93 274 437 98 199 177 246 195 123 309 319 131 207 283 91 196 456 356 424 191 137 409 212 37 135 210 300 89 159 393 494 406 419 121 329 230 209 2 350 82 257 224 69 187 267 38 254 239 167 102 466 216 352 55 366 34 388 298 192 387 6 185 40 231 317 208 201 57 326 193 292 313 412 73 122 377 325 109 375 502 365 446 248 30 53 314 61 70 468 276 342 379 263 120 382 330 194 205 125 204 438 404 345 100 384 261 107 474 26 245 287 138 269 215 332 278 200 320 285 232 423 291 85 65 117 179 489 164 427 400 182 52 108 250 473 92 153 163 16 312 358 96 293 105 418 42 413 448 439 391 351 176 66 383 378 157 247 374 47 403 299 501 398 12 324 118 295 492 260 275 50 376 134 372 146 197 369 440 308 97 244 20 389 136 198 174 318 496 490 370 127 454 75 270 303 156 68 302 129 296 357 255 9 280 88 243 242 335 132 407 491 35 434 49 361 272 145 286 411 99 152 363 416 328 170 236 460 72 83 130 48 433 202 277 348 86 172 459 305 417 160 158 262 154 347 461 475 445 1 346 321 25 476 284 189 338 148 421 385 432 151 27 32 240 213 58 234 453 140 206 436 500 238 8 430 455 112 29 5 472 188 33 368 484 18 462 349 253 469 394 428 339 315 410 237 184 355 485 113 450 222 141 495 111 414 115 178 78 444 31 17 265 147 223 13 14 359 45 60 264 161 119 281 143 288 168 402 367 252 7 465 499 44 447 479 235 241 279 405 43 304 220 225 103 46 228 487 344 81 62 77 443 116 76 101 229 186 306 142 480 420 36 341 95 80 211 452 331 104 4 259 87 171 124 39 24 354 457 221 273 477 106 310 214 425 301 464 435 392 401 396 449 294 54 51 144 23 74 307 441 482 59 110 371 258 458 390 334 486 451 63 322 362 488 289 180 290 386 415 71 408 226 380 227 11 175 10 218 22 166 467 399 169 498 395 353 478 90 173 165 483 373 79 249 336 126 3 497 266 470 64 190 311 422 84 381 426 181 481 333 343 442 19 327 67 337 28 251 41 360 139 114 233 431 463 297 183 268 282 15 94 162 217 150 340 149 271 364 21 203 493 397 219 56 133 323 155 128 471 316 429 
ofv: -205.043370
f1: 4.714898
f2: 209.758268

Instance: /OVRP/500p5v.ovrp

Alpha: 0.2000000 12 220 24 413 274 105 168 406 61 484 499 268 1 386 263 490 116 138 234 380 41 256 257 264 428 86 442 350 368 338 45 54 401 98 485 46 167 500 314 18 206 440 48 288 147 363 155 360 127 278 470 501 9 254 467 72 55 32 475 252 110 170 449 237 481 355 469 290 104 88 279 337 64 65 109 324 271 3 82 97 422 131 349 144 353 68 372 320 267 284 417 193 16 15 73 410 486 141 117 416 113 102 336 296 56 362 497 91 164 149 225 114 299 185 270 302 348 228 96 465 235 433 150 340 31 358 458 457 423 432 272 77 189 208 87 67 310 307 427 216 419 242 483 248 197 53 146 210 273 157 130 473 318 35 190 474 27 478 286 191 7 323 426 93 328 186 221 399 154 23 366 379 389 58 8 187 135 325 124 75 4 29 153 313 90 301 364 261 17 411 139 214 431 315 224 151 239 487 59 414 294 195 39 361 388 292 370 137 212 198 47 62 266 133 209 392 30 339 69 37 390 21 283 128 5 163 121 258 347 232 111 495 205 365 418 330 327 194 123 421 408 395 412 25 259 173 287 322 202 280 334 308 188 84 492 200 387 80 20 180 161 309 443 462 238 253 85 317 488 217 226 71 476 405 376 289 140 321 52 378 341 50 472 276 439 468 100 335 192 169 503 89 106 158 305 70 333 454 38 343 213 304 482 269 434 245 244 398 66 201 36 491 402 429 184 92 175 397 171 306 329 300 409 451 79 445 28 125 371 403 394 461 437 303 218 251 107 381 404 265 344 281 466 215 60 424 162 312 450 34 415 354 57 407 480 166 145 95 444 345 246 78 479 459 356 26 40 393 178 447 477 463 14 400 249 142 455 22 391 159 241 231 103 282 11 118 99 204 119 181 250 448 222 112 373 331 211 436 504 367 51 227 165 94 316 384 332 63 207 196 2 156 352 126 291 182 464 255 471 311 247 83 430 351 229 152 219 382 446 33 19 6 10 326 120 438 425 49 453 262 277 494 297 293 502 240 176 498 456 129 385 298 359 223 275 108 383 160 441 183 236 396 76 233 319 203 342 285 115 452 357 143 74 132 435 199 148 134 374 136 43 496 42 172 346 230 101 489 177 377 13 460 260 493 179 174 44 420 243 81 375 295 369 122 
ofv: -205.057282
f1: 4.700987
f2: 209.758268

Instance: /OVRP/100p1v.ovrp

Alpha: 0.0000000 93 8 7 62 97 86 56 10 4 54 53 21 49 89 75 69 85 36 20 18 80 91 65 34 32 28 68 43 42 24 9 26 46 13 82 22 38 67 59 90 41 30 11 84 12 33 47 63 1 64 72 31 98 70 15 60 95 79 52 92 23 40 57 29 19 58 96 50 17 88 39 35 55 83 16 78 81 71 44 6 87 100 74 37 76 99 5 3 94 45 27 51 77 73 2 25 61 66 48 14 
ofv: -53.876257
f1: 0.000000
f2: 53.876257

Instance: /OVRP/100p3v.ovrp

Alpha: 0.0000001 2 16 61 26 64 9 88 60 34 82 65 36 55 30 42 99 11 71 93 45 70 20 87 10 95 12 0 38 48 74 40 76 67 28 86 62 23 47 22 17 44 57 77 51 33 78 84 24 3 14 13 58 43 89 69 100 15 66 91 97 98 32 92 4 102 5 73 39 81 37 21 8 72 96 35 50 7 90 27 18 80 83 75 52 46 41 63 54 68 25 59 94 19 29 49 56 79 101 53 6 85 31 
ofv: -53.876257
f1: 0.000000
f2: 53.876257

Instance: /OVRP/100p5v.ovrp

Alpha: 0.0000002 32 8 57 36 38 90 1 47 69 35 11 84 0 58 53 14 73 15 91 12 24 25 23 67 97 50 66 40 95 99 48 62 13 60 76 30 88 79 102 22 46 77 45 63 71 59 86 3 42 89 16 19 5 28 72 68 34 56 26 51 101 96 64 85 10 93 41 54 33 65 70 87 98 55 44 83 7 78 43 81 6 61 104 29 18 75 82 9 17 100 31 92 27 4 94 80 37 20 103 52 21 39 74 49 
ofv: -53.876257
f1: 0.000000
f2: 53.876257

Instance: /OVRP/300p1v.ovrp

Alpha: 0.0000000 132 65 226 273 292 206 227 190 11 205 232 157 266 146 161 147 8 74 24 57 143 191 217 101 252 192 44 166 51 77 285 187 280 218 196 215 213 159 287 3 179 96 105 10 209 48 118 21 221 73 26 25 39 235 195 108 98 69 246 37 262 201 68 288 47 282 165 80 295 241 79 208 18 1 135 54 207 258 16 100 259 137 188 298 56 27 62 290 36 178 243 271 223 200 202 86 15 82 107 172 12 50 45 64 113 116 123 121 126 255 174 168 85 245 181 153 185 134 269 219 111 180 78 130 294 244 110 261 286 299 210 300 265 293 59 220 183 104 203 144 139 32 43 225 149 193 92 214 158 129 7 253 239 117 173 13 268 167 29 99 260 33 142 5 236 71 186 17 88 231 128 66 114 211 103 93 23 256 136 14 28 81 170 42 281 251 175 109 112 238 198 279 199 30 162 224 20 151 35 140 228 272 171 275 230 283 61 119 75 38 83 2 84 291 125 49 164 6 52 216 155 70 46 240 102 212 115 122 163 55 276 270 124 169 145 138 94 248 184 131 67 274 34 189 263 95 152 31 76 4 242 154 58 257 72 22 156 160 234 194 277 249 9 106 148 53 297 91 176 150 222 233 90 289 87 63 247 41 177 264 278 197 141 250 296 97 19 120 237 204 60 133 254 229 182 267 40 89 127 284 
ofv: -162.042424
f1: 0.000000
f2: 162.042424

Instance: /OVRP/300p3v.ovrp

Alpha: 0.0000002 228 290 10 120 275 0 148 229 163 262 193 271 41 70 221 203 88 159 59 295 14 58 215 292 124 50 96 165 132 161 217 53 273 134 46 149 198 189 98 15 75 268 12 143 245 289 207 103 181 18 168 92 230 79 76 293 52 5 202 128 248 180 145 56 68 25 63 23 174 137 288 32 167 260 209 283 67 81 95 64 29 281 17 105 20 253 265 84 192 190 65 3 243 66 82 210 115 242 13 38 197 71 72 39 208 47 73 264 287 257 100 176 183 237 109 104 211 155 123 227 94 37 142 204 270 160 300 54 16 19 107 113 255 254 102 26 222 301 247 112 236 175 4 51 277 177 77 22 282 194 85 218 138 34 116 263 106 225 246 121 146 7 110 153 157 169 261 49 187 45 291 182 302 130 141 87 223 212 44 101 201 164 274 185 111 151 173 114 61 172 127 240 30 214 35 294 48 213 9 118 131 90 28 226 258 233 285 166 200 83 144 8 136 86 232 119 205 267 216 296 125 238 117 31 139 80 188 297 40 241 1 195 170 89 99 278 191 299 219 150 251 93 234 36 135 162 24 60 231 74 276 69 158 97 91 279 266 250 156 122 284 133 129 78 55 256 280 259 154 184 235 186 27 249 152 220 206 179 140 171 269 33 286 298 43 6 57 11 178 108 199 126 224 252 272 42 196 147 62 244 239 21 
ofv: -162.042424
f1: 0.000000
f2: 162.042424

Instance: /OVRP/300p5v.ovrp

Alpha: 0.0000003 129 270 2 202 130 277 0 217 295 14 163 167 106 15 185 165 136 266 199 126 196 102 182 209 225 291 69 230 104 98 219 256 109 49 195 12 300 191 48 89 100 170 105 194 151 183 39 289 200 150 233 247 77 81 25 55 122 262 31 52 203 67 7 60 205 4 90 66 211 265 83 275 134 212 86 22 272 16 34 9 290 250 245 111 20 231 43 292 296 30 117 206 204 27 276 294 58 84 169 147 19 41 68 139 264 210 218 40 161 283 227 172 72 61 215 103 113 288 32 6 82 168 214 232 18 97 10 255 174 75 17 37 244 140 143 125 239 223 259 229 1 285 248 178 157 287 96 47 33 11 240 114 162 176 144 155 235 54 107 141 133 63 249 192 187 207 242 153 85 79 123 87 5 190 263 74 148 175 298 171 42 121 46 115 284 28 216 302 220 127 78 118 299 166 234 260 303 269 132 279 257 293 138 228 36 119 70 197 304 177 120 221 179 159 65 56 53 213 189 21 224 92 51 238 50 112 273 88 116 243 184 146 297 73 24 108 29 145 99 45 236 8 281 193 64 173 188 181 226 124 246 286 278 274 62 156 222 38 93 186 160 158 128 252 94 131 198 137 267 164 91 95 237 261 57 13 135 258 26 35 152 110 76 80 280 142 268 23 201 253 44 301 149 71 241 101 254 208 282 154 271 251 59 180 
ofv: -162.042424
f1: 0.000000
f2: 162.042424

Instance: /OVRP/500p1v.ovrp

Alpha: 0.0000000 303 101 24 398 499 206 77 105 21 471 258 340 86 361 188 479 45 453 483 365 27 168 411 8 80 117 221 457 228 394 65 450 147 332 226 281 56 37 213 15 308 159 118 342 477 130 472 178 285 412 132 266 494 195 211 143 375 327 262 330 439 208 397 121 498 64 126 387 71 103 157 135 366 339 227 463 1 346 290 246 123 272 44 372 395 458 62 175 399 486 68 100 382 359 475 200 269 443 244 470 36 469 13 496 190 377 288 12 235 11 47 23 66 144 350 328 70 181 199 446 476 28 393 185 405 421 462 456 268 315 385 107 338 59 379 137 48 84 345 358 406 216 2 364 468 85 334 497 82 445 128 172 220 243 424 43 224 384 166 170 280 210 209 436 480 33 454 373 30 409 363 466 368 317 316 428 251 261 371 294 311 196 402 260 7 259 460 116 239 238 102 92 299 88 410 183 449 326 252 142 495 125 354 26 286 214 205 253 115 180 378 99 313 433 17 329 202 437 300 149 236 481 139 230 374 35 407 104 392 344 414 283 14 352 434 171 360 426 438 39 284 442 32 403 265 355 151 225 389 324 87 106 38 487 89 493 94 488 129 5 58 383 127 321 234 369 120 357 242 465 275 264 263 53 167 204 154 307 217 111 323 173 322 184 165 276 136 282 29 237 401 257 467 376 451 6 160 169 49 452 306 435 194 52 197 90 134 153 333 41 222 55 46 461 459 249 296 388 331 347 81 110 74 455 429 138 356 474 215 408 416 473 362 140 419 145 4 335 341 133 91 179 31 305 267 349 295 162 231 63 489 112 278 60 336 203 155 464 20 50 193 42 270 291 490 273 427 491 97 192 25 370 19 396 114 164 386 186 248 277 75 422 191 131 247 98 304 448 298 76 325 18 420 255 302 223 500 150 57 232 9 16 415 182 61 492 229 219 177 189 293 432 158 254 417 256 51 301 152 343 289 156 400 381 279 119 109 485 108 297 447 67 218 482 250 148 430 431 34 318 441 413 161 425 93 212 353 40 176 478 95 124 444 319 404 348 122 233 240 390 72 337 141 274 351 22 287 391 367 79 187 96 440 241 83 271 174 484 423 418 312 320 113 310 54 69 73 163 314 309 3 10 292 207 380 201 245 78 146 198 
ofv: -262.197835
f1: 0.000000
f2: 262.197835

Instance: /OVRP/500p3v.ovrp

Alpha: 0.0000001 159 29 79 341 292 59 460 363 106 271 107 263 149 229 88 124 484 344 492 289 84 464 260 64 198 404 262 414 438 192 207 109 268 128 47 326 228 148 223 455 328 98 32 283 399 381 87 197 168 378 282 15 37 145 73 448 212 14 488 264 365 329 486 137 288 334 10 95 253 66 167 118 2 483 201 413 203 462 23 219 482 315 451 39 17 396 115 68 123 342 52 248 320 19 71 183 81 20 180 210 382 473 202 221 313 204 389 420 120 485 51 18 58 193 360 230 497 22 275 346 386 439 423 9 102 428 174 499 241 498 474 26 310 125 374 86 340 347 350 274 392 330 70 165 465 356 361 217 416 427 459 270 80 470 255 461 403 331 377 225 134 367 16 422 305 216 370 4 304 45 407 387 390 333 411 458 430 296 468 336 117 49 218 166 142 105 426 119 238 412 61 447 373 316 169 114 245 232 187 25 452 189 182 226 28 141 188 222 170 380 94 261 472 302 132 151 0 130 213 254 319 318 327 435 285 469 240 177 46 478 139 127 138 34 48 161 440 50 175 335 36 278 152 375 144 60 112 436 235 351 284 359 417 388 357 437 126 385 206 391 247 83 406 500 277 40 146 457 140 100 92 211 491 364 154 199 184 476 450 13 97 246 314 38 343 89 195 291 501 82 163 194 162 265 155 324 352 398 90 353 185 354 444 11 77 266 164 496 91 178 8 156 449 215 242 434 236 306 502 293 466 421 74 121 308 281 269 487 267 433 110 325 108 31 471 43 480 122 301 131 445 311 57 111 78 443 160 279 495 181 323 143 418 251 244 408 252 33 30 467 446 297 129 179 7 442 286 104 339 489 410 133 41 395 55 150 53 99 136 317 479 419 191 96 345 35 338 490 24 227 63 355 76 405 158 379 349 171 454 494 186 116 307 27 69 369 6 208 481 415 424 409 173 135 383 300 258 298 54 394 493 233 157 321 231 256 475 21 196 332 239 299 214 463 372 337 249 397 303 42 205 250 62 153 237 44 257 234 272 147 280 362 432 402 220 393 376 453 456 431 287 113 259 309 276 93 400 358 224 295 368 103 425 429 172 190 12 322 200 294 477 273 371 401 75 72 209 67 56 290 312 5 243 101 366 3 348 384 65 176 441 85 
ofv: -262.197835
f1: 0.000000
f2: 262.197835

Instance: /OVRP/500p5v.ovrp

Alpha: 0.0000001 447 265 328 212 11 395 316 356 396 389 219 481 211 449 317 398 109 240 453 182 386 457 487 336 292 49 78 383 494 81 69 262 307 25 183 450 391 289 16 66 476 313 480 334 445 462 375 77 90 210 161 122 256 105 438 290 416 503 475 68 488 232 60 367 176 112 331 120 150 111 86 205 344 441 479 204 139 250 194 314 19 147 358 96 231 41 294 399 70 502 346 5 215 169 130 199 102 284 315 402 20 72 84 380 31 221 296 409 270 461 40 53 340 302 75 422 106 490 108 132 82 179 266 255 474 269 432 104 87 146 343 276 263 21 362 382 134 14 369 10 272 203 464 372 406 187 388 140 141 36 440 349 484 264 257 228 361 2 273 329 218 47 79 89 405 234 39 175 473 277 48 206 18 103 407 363 415 467 200 220 143 153 338 32 376 320 312 364 165 184 485 247 168 174 27 6 472 348 397 51 125 401 224 359 243 17 223 127 437 330 332 428 466 214 4 492 74 119 414 28 197 107 413 404 499 121 321 460 298 189 431 451 34 238 56 333 185 216 304 242 393 136 30 323 43 244 54 144 283 116 115 133 353 207 35 217 135 352 370 97 59 191 351 424 99 306 241 151 154 67 173 235 268 299 15 365 248 419 311 213 478 118 95 271 434 500 444 252 267 186 162 429 392 285 230 418 138 23 465 227 94 281 491 339 345 172 145 421 246 301 435 71 142 347 355 55 469 341 436 93 439 198 274 193 261 156 190 486 286 0 114 282 251 477 8 482 374 452 308 309 158 42 237 288 160 458 260 149 3 319 280 44 390 29 400 327 37 379 433 411 13 373 208 378 76 152 496 62 226 22 357 63 426 493 188 177 504 38 9 225 420 381 443 181 46 85 394 470 459 163 455 423 128 155 80 408 387 126 170 303 166 456 33 360 354 88 131 471 137 124 57 45 159 64 326 148 425 417 233 366 253 300 297 254 322 61 239 157 236 371 463 258 468 495 91 26 279 164 92 442 278 305 83 101 24 325 501 385 113 201 98 287 65 110 195 129 410 335 446 293 489 229 222 171 430 454 498 209 259 377 412 180 483 123 192 497 50 196 337 448 100 52 350 368 403 167 202 427 117 58 384 7 295 291 342 318 178 245 324 310 73 275 249 12 
ofv: -262.197835
f1: 0.000000
f2: 262.197835