

Instance: /OVRP/500p5v.ovrp
Alpha: 1.000000
Method: RKO
Sol: 0.160 0.273 0.130 0.164 0.002 0.561 0.495 0.694 0.801 0.329 0.489 0.375 0.282 0.454 0.079 0.826 0.010 0.673 0.971 0.926 0.653 0.543 0.352 0.029 0.849 0.837 0.822 0.697 0.775 0.165 0.748 0.810 0.325 0.823 0.166 0.808 0.735 0.843 0.619 0.699 0.385 0.910 0.182 0.429 0.585 0.311 0.323 0.835 0.291 0.931 0.059 0.448 0.784 0.302 0.311 0.327 0.752 0.736 0.800 0.266 0.248 0.863 0.836 0.597 0.252 0.413 0.716 0.765 0.574 0.887 0.606 0.400 0.328 0.824 0.434 0.188 0.261 0.359 0.381 0.535 0.789 0.739 0.162 0.906 0.387 0.432 0.307 0.303 0.231 0.468 0.303 0.416 0.588 0.270 0.992 0.551 0.673 0.164 0.747 0.274 0.720 0.294 0.627 0.383 0.227 0.849 0.817 0.344 0.580 0.409 0.594 0.856 0.862 0.191 0.813 0.026 0.365 0.650 0.767 0.542 0.199 0.547 0.602 0.897 0.191 0.514 0.219 0.595 0.552 0.914 0.802 0.623 0.055 0.837 0.067 0.632 0.938 0.692 0.817 0.806 0.502 0.788 0.194 0.563 0.124 0.967 0.297 0.285 0.072 0.790 0.814 0.191 0.706 0.165 0.850 0.984 0.128 0.802 0.919 0.079 0.223 0.425 0.223 0.543 0.795 0.977 0.174 0.321 0.844 0.274 0.321 0.593 0.799 0.218 0.239 0.155 0.481 0.856 0.575 0.718 0.709 0.967 0.677 0.352 0.313 0.792 0.565 0.631 0.605 0.213 0.809 0.698 0.275 0.013 0.054 0.417 0.598 0.079 0.692 0.537 0.476 0.723 0.605 0.263 0.279 0.855 0.968 0.597 0.354 0.422 0.185 0.439 0.834 0.606 0.693 0.245 0.581 0.495 0.310 0.661 0.850 0.800 0.158 0.577 0.636 0.789 0.400 0.845 0.682 0.708 0.291 0.195 0.439 0.796 0.393 0.816 0.770 0.739 0.294 0.637 0.471 0.373 0.349 0.347 0.251 0.772 0.769 0.779 0.078 0.353 0.157 0.739 0.595 0.455 0.742 0.416 0.823 0.195 0.178 0.356 0.280 0.494 0.714 0.571 0.222 0.740 0.836 0.923 0.839 0.909 0.793 0.624 0.360 0.802 0.290 0.579 0.734 0.787 0.324 0.717 0.082 0.604 0.381 0.549 0.823 0.419 0.698 0.911 0.284 0.759 0.175 0.675 0.014 0.464 0.418 0.740 0.903 0.457 0.576 0.814 0.883 0.372 0.704 0.582 0.623 0.919 0.176 0.581 0.219 0.295 0.278 0.935 0.605 0.309 0.986 0.026 0.597 0.752 0.804 0.630 0.359 0.456 0.911 0.698 0.371 0.634 0.199 0.047 0.419 0.869 0.042 0.439 0.598 0.606 0.573 0.250 0.252 0.536 0.167 0.180 0.813 0.252 0.567 0.610 0.336 0.277 0.856 0.843 0.273 0.123 0.226 0.711 0.222 0.575 0.586 0.317 0.821 0.565 0.826 0.577 0.593 0.830 0.627 0.289 0.371 0.035 0.799 0.445 0.311 0.335 0.834 0.717 0.573 0.861 0.715 0.143 0.502 0.280 0.782 0.029 0.386 0.339 0.668 0.305 0.600 0.220 0.569 0.471 0.023 0.801 0.179 0.194 0.749 0.817 0.310 0.260 0.936 0.590 0.537 0.031 0.198 0.318 0.313 0.226 0.336 0.929 0.445 0.173 0.437 0.280 0.672 0.805 0.426 0.283 0.267 0.584 0.644 0.825 0.037 0.243 0.586 0.902 0.621 0.920 0.309 0.465 0.829 0.348 0.306 0.315 0.904 0.700 0.360 0.815 0.372 0.950 0.451 0.581 0.355 0.734 0.156 0.605 0.224 0.181 0.727 0.534 0.673 0.095 0.157 0.145 0.581 0.945 0.802 0.624 0.607 0.766 0.915 0.922 0.826 0.820 0.891 0.242 0.181 0.118 0.567 0.922 0.237 0.331 0.722 0.155 0.744 0.787 0.280 0.803 0.809 0.996 0.410 0.104 0.697 0.580 0.174 0.587 0.083 0.351 0.867 0.746 0.796 0.566 0.752 0.850 0.674 0.748 0.573 0.839 0.194 0.850 0.838 0.837 0.358 0.840 0.593 0.743 0.572 0.354 0.449 4 16 193 292 388 315 115 379 23 399 365 418 330 327 194 132 50 134 148 248 197 159 14 280 482 447 477 463 349 144 156 2 375 449 175 469 440 250 448 222 0 82 97 3 153 29 34 338 407 480 166 290 306 258 390 339 443 462 42 210 75 124 151 113 494 142 391 231 257 400 120 326 189 173 126 308 385 352 264 160 162 442 403 350 104 88 466 174 461 419 215 60 335 244 64 341 336 395 76 203 59 414 93 348 1 99 169 192 345 310 204 472 409 260 377 12 413 288 147 363 274 48 230 101 238 309 146 53 87 90 383 428 86 424 313 394 218 368 45 54 184 402 429 355 401 170 167 46 278 32 55 72 9 467 369 404 344 381 107 243 427 242 483 183 22 249 503 208 438 259 498 320 77 272 432 116 364 324 301 434 241 11 282 78 103 40 380 84 234 226 71 109 476 65 255 91 195 294 328 285 209 161 412 43 85 74 408 331 232 211 406 367 51 504 436 13 253 321 297 293 425 89 240 387 200 176 10 261 6 217 376 140 125 445 79 337 398 199 119 163 21 121 283 95 128 5 143 186 357 487 342 464 386 263 502 492 372 334 68 178 353 298 359 223 275 479 108 450 216 307 437 303 415 44 420 354 481 92 397 171 500 360 110 252 127 316 63 207 196 332 384 122 281 312 441 188 202 70 333 213 454 343 38 422 131 304 271 453 102 362 319 187 135 325 224 239 416 117 20 219 382 410 17 96 446 490 291 182 228 198 137 214 7 27 478 286 191 323 39 431 302 152 229 180 351 262 374 66 371 279 179 100 468 201 444 439 276 36 57 237 251 81 295 265 254 501 470 485 98 491 30 392 317 56 488 289 67 455 118 246 236 245 28 247 378 52 277 471 141 80 225 149 185 270 164 486 233 172 366 221 58 389 8 273 157 130 452 473 318 411 139 35 190 474 31 340 114 299 150 433 235 106 138 393 459 356 26 256 33 284 73 417 15 458 358 426 361 370 212 47 62 266 133 497 25 496 493 268 499 37 347 168 227 105 24 220 489 154 495 205 346 111 177 373 112 61 484 329 300 69 460 123 421 296 430 83 269 41 287 322 129 456 305 158 423 465 457 267 19 405 49 311 396 136 451 435 181 145 206 18 165 155 314 94 475 
ofv: 21.911677
f1: 21.911677
f2: 262.810823
Best time: 105.494
Total time:107.441 


Instance: /OVRP/500p5v.ovrp
Alpha: 0.990000
Method: RKO
Sol: 0.286 0.153 0.149 0.301 0.002 0.925 0.741 0.404 0.410 0.933 0.683 0.206 0.236 0.427 0.462 0.398 0.529 0.700 0.169 0.806 0.393 0.087 0.204 0.420 0.421 0.723 0.147 0.403 0.350 0.017 0.901 0.400 0.950 0.738 0.020 0.812 0.063 0.228 0.508 0.999 0.857 0.463 0.405 0.157 0.986 0.602 0.155 0.996 0.286 0.799 0.322 0.269 0.530 0.680 0.603 0.937 0.673 0.974 0.417 0.753 0.593 0.274 0.825 0.936 0.348 0.718 0.546 0.378 0.858 0.234 0.635 0.742 0.940 0.190 0.992 0.770 0.157 0.514 0.209 0.543 0.703 0.574 0.638 0.795 0.655 0.133 0.373 0.361 0.846 0.632 0.856 0.825 0.928 0.995 0.422 0.926 0.196 0.642 0.564 0.852 0.046 0.237 0.787 0.490 0.549 0.278 0.688 0.831 0.873 0.745 0.423 0.261 0.273 0.781 0.519 0.755 0.682 0.390 0.142 0.991 0.477 0.556 0.836 0.165 0.771 0.536 0.713 0.951 0.926 0.499 0.160 0.510 0.896 0.405 0.827 0.413 0.890 0.996 0.659 0.814 0.672 0.395 0.481 0.726 0.295 0.557 0.677 0.284 0.829 0.525 0.808 0.768 0.751 0.009 0.257 0.424 0.297 0.161 0.691 0.363 0.209 0.632 0.211 0.322 0.733 0.171 0.608 0.930 0.426 0.220 0.930 0.156 0.439 0.710 0.580 0.929 0.686 0.261 0.290 0.346 0.392 0.918 0.199 0.874 0.604 0.524 0.727 0.413 0.653 0.470 0.811 0.401 0.849 0.152 0.173 0.185 0.933 0.854 0.404 0.347 0.685 0.551 0.500 0.772 0.346 0.253 0.443 0.935 0.479 0.185 0.769 0.441 0.186 0.638 0.152 0.846 0.597 0.744 0.578 0.198 0.421 0.418 0.274 0.870 0.771 0.526 0.707 0.276 0.529 0.529 0.236 0.142 0.439 0.181 0.656 0.691 0.141 0.838 0.408 0.760 0.667 0.857 0.595 0.831 0.452 0.855 0.856 0.797 0.853 0.203 0.171 0.574 0.422 0.991 0.154 0.384 0.492 0.145 0.451 0.710 0.167 0.741 0.314 0.201 0.490 0.837 0.752 0.808 0.224 0.462 0.694 0.667 0.690 0.161 0.284 0.872 0.060 0.314 0.961 0.451 0.865 0.575 0.486 0.555 0.695 0.753 0.402 0.495 0.285 0.356 0.612 0.706 0.190 0.715 0.733 0.838 0.134 0.715 0.299 0.691 0.097 0.480 0.405 0.600 0.506 0.516 0.559 0.546 0.650 0.618 0.039 0.379 0.212 0.216 0.423 0.159 0.936 0.827 0.816 0.769 0.512 0.382 0.498 0.400 0.203 0.162 0.463 0.434 0.185 0.091 0.429 0.439 0.833 0.636 0.644 0.035 0.827 0.543 0.343 0.233 0.810 0.315 0.775 0.507 0.831 0.038 0.260 0.168 0.733 0.293 0.045 0.632 0.857 0.291 0.965 0.331 0.148 0.729 0.528 0.870 0.423 0.152 0.722 0.421 0.706 0.427 0.419 0.270 0.845 0.836 0.153 0.451 0.632 0.441 0.886 0.569 0.668 0.426 0.530 0.410 0.494 0.831 0.198 0.369 0.832 0.646 0.748 0.684 0.186 0.414 0.613 0.458 0.110 0.297 0.547 0.994 0.795 0.563 0.545 0.256 0.478 0.336 0.329 0.043 0.832 0.717 0.173 0.338 0.156 0.904 0.398 0.814 0.631 0.286 0.159 0.990 0.632 0.192 0.427 0.585 0.976 0.616 0.507 0.195 0.884 0.714 0.528 0.597 0.372 0.607 0.795 0.818 0.195 0.517 0.367 0.223 0.263 0.599 0.471 0.050 0.441 0.210 0.846 0.618 0.831 0.534 0.734 0.868 0.173 0.964 0.216 0.892 0.160 0.721 0.643 0.452 0.635 0.193 0.527 0.149 0.165 0.580 0.408 0.870 0.682 0.808 0.579 0.933 0.346 0.563 0.155 0.384 0.830 0.731 0.811 0.422 0.720 0.870 0.403 0.872 0.337 0.840 0.510 0.848 0.092 0.933 0.748 0.757 0.672 0.241 0.804 0.326 0.658 0.100 0.721 0.244 0.624 0.779 0.511 0.228 0.156 0.155 0.667 0.203 0.264 4 153 29 34 335 345 310 403 350 100 439 276 36 21 329 484 300 493 392 85 296 236 118 231 257 26 356 459 2 214 193 361 370 1 254 501 470 46 500 171 408 43 76 414 315 452 130 157 273 325 123 460 260 347 18 165 250 448 406 194 233 209 328 195 212 388 292 73 417 457 423 432 96 382 219 182 263 324 503 249 22 11 78 160 441 162 312 450 313 169 435 268 499 37 339 69 12 230 101 489 495 205 399 154 346 111 177 436 504 51 367 112 61 222 227 105 274 147 288 413 48 0 178 353 349 144 156 393 298 3 262 277 341 50 163 491 402 355 401 480 407 338 468 179 204 199 64 28 289 87 159 434 383 428 86 67 311 321 471 255 117 180 20 141 410 15 323 31 191 286 478 27 7 198 302 133 42 462 238 379 8 135 187 389 58 221 366 23 220 24 363 94 475 252 110 360 314 155 168 377 13 365 418 330 327 172 331 232 211 373 440 206 258 279 371 244 455 391 14 269 41 326 189 438 120 400 208 301 142 282 103 264 256 380 287 322 129 202 304 422 343 38 131 482 498 320 77 305 433 114 185 149 225 458 358 426 16 228 229 52 378 445 125 79 337 398 66 307 394 104 201 283 121 145 306 469 397 98 375 81 251 281 218 466 174 461 419 60 242 216 427 437 303 45 54 184 429 166 290 390 421 443 309 496 412 161 416 351 89 372 456 70 333 213 82 97 454 334 385 308 188 84 234 492 138 502 240 271 376 140 488 56 146 53 464 116 10 387 200 176 106 272 158 235 299 270 284 17 80 291 364 226 259 173 126 425 293 297 405 65 476 453 494 362 25 143 186 357 473 294 348 164 446 33 6 261 71 217 109 386 486 152 266 285 59 115 487 239 151 319 210 75 124 224 203 342 497 113 102 396 430 83 247 49 490 19 267 465 150 340 474 190 35 139 411 318 431 62 91 317 336 134 148 472 444 243 107 381 344 404 384 332 122 369 265 295 237 481 368 88 442 215 483 192 99 248 197 245 246 90 241 40 352 68 280 447 477 463 359 223 275 479 108 183 424 374 136 451 132 30 409 181 5 128 95 92 175 170 167 485 467 9 196 207 63 316 55 72 32 127 278 449 354 57 420 44 415 119 253 74 395 93 47 137 39 
ofv: 18.775334
f1: 21.616219
f2: 262.472294
Best time: 105.468
Total time:107.480 


Instance: /OVRP/500p5v.ovrp
Alpha: 0.980000
Method: RKO
Sol: 0.056 0.221 0.040 0.027 0.187 0.831 0.614 0.302 0.412 0.234 0.132 0.112 0.737 0.470 0.263 0.380 0.385 0.205 0.592 0.606 0.570 0.829 0.113 0.421 0.486 0.322 0.693 0.299 0.807 0.680 0.816 0.673 0.488 0.635 0.150 0.294 0.849 0.675 0.691 0.662 0.148 0.932 0.708 0.601 0.186 0.847 0.157 0.659 0.487 0.555 0.854 0.720 0.764 0.317 0.162 0.231 0.888 0.242 0.412 0.641 0.792 0.591 0.400 0.228 0.813 0.574 0.586 0.063 0.937 0.596 0.628 0.193 0.488 0.378 0.599 0.408 0.675 0.280 0.108 0.803 0.274 0.241 0.688 0.811 0.262 0.815 0.249 0.909 0.244 0.978 0.163 0.269 0.162 0.401 0.488 0.840 0.288 0.687 0.156 0.545 0.163 0.736 0.894 0.008 0.783 0.432 0.280 0.679 0.683 0.117 0.159 0.714 0.596 0.314 0.194 0.332 0.194 0.562 0.108 0.771 0.966 0.588 0.493 0.727 0.416 0.058 0.577 0.158 0.774 0.144 0.342 0.686 0.748 0.221 0.854 0.411 0.752 0.306 0.630 0.664 0.900 0.271 0.173 0.332 0.016 0.840 0.319 0.424 0.698 0.194 0.997 0.417 0.306 0.681 0.734 0.531 0.015 0.343 0.283 0.189 0.251 0.328 0.150 0.829 0.636 0.592 0.841 0.160 0.722 0.698 0.543 0.438 0.713 0.577 0.243 0.162 0.275 0.715 0.936 0.850 0.563 0.836 0.571 0.696 0.845 0.195 0.369 0.416 0.255 0.958 0.296 0.668 0.544 0.294 0.729 0.645 0.676 0.508 0.306 0.859 0.631 0.839 0.581 0.403 0.851 0.734 0.595 0.675 0.173 0.219 0.418 0.726 0.396 0.689 0.303 0.791 0.163 0.264 0.155 0.218 0.484 0.419 0.435 0.584 0.362 0.194 0.121 0.433 0.207 0.308 0.422 0.251 0.741 0.713 0.579 0.284 0.090 0.241 0.707 0.417 0.633 0.917 0.163 0.680 0.803 0.086 0.546 0.809 0.507 0.173 0.055 0.156 0.533 0.815 0.236 0.602 0.253 0.014 0.675 0.976 0.529 0.634 0.895 0.264 0.693 0.500 0.219 0.609 0.828 0.929 0.204 0.114 0.280 0.354 0.427 0.585 0.776 0.897 0.157 0.502 0.147 0.155 0.112 0.587 0.288 0.403 0.670 0.957 0.423 0.907 0.841 0.605 0.371 0.263 0.644 0.238 0.876 0.264 0.686 0.194 0.469 0.552 0.371 0.155 0.686 0.281 0.841 0.788 0.028 0.527 0.246 0.760 0.682 0.697 0.532 0.333 0.231 0.767 0.647 0.418 0.143 0.763 0.147 0.667 0.120 0.355 0.965 0.475 0.641 0.588 0.731 0.470 0.676 0.629 0.948 0.795 0.880 0.859 0.849 0.745 0.194 0.756 0.370 0.690 0.678 0.798 0.484 0.530 0.638 0.016 0.543 0.560 0.037 0.933 0.178 0.460 0.684 0.403 0.674 0.686 0.159 0.290 0.315 0.426 0.193 0.482 0.482 0.725 0.177 0.500 0.391 0.503 0.625 0.596 0.874 0.541 0.509 0.719 0.762 0.418 0.262 0.678 0.214 0.008 0.677 0.147 0.264 0.134 0.388 0.415 0.469 0.165 0.771 0.014 0.784 0.525 0.815 0.440 0.698 0.422 0.191 0.458 0.845 0.245 0.678 0.575 0.723 0.849 0.705 0.748 0.674 0.662 0.674 0.423 0.642 0.680 0.265 0.674 0.478 0.791 0.180 0.597 0.693 0.983 0.696 0.576 0.384 0.153 0.004 0.844 0.812 0.649 0.980 0.989 0.911 0.853 0.726 0.155 0.973 0.782 0.596 0.694 0.246 0.528 0.839 0.803 0.275 0.582 0.053 0.156 0.681 0.703 0.341 0.523 0.689 0.083 0.629 0.285 0.384 0.685 0.745 0.788 0.706 0.022 0.264 0.284 0.242 0.235 0.176 0.675 0.537 0.894 0.586 0.337 0.298 0.533 0.571 0.584 0.669 0.684 0.162 0.500 0.582 0.163 0.589 0.156 0.219 0.403 0.766 0.734 0.605 0.163 0.621 0.824 0.523 0.734 0.675 0.267 0.140 0.827 0.440 0.540 0.620 0.173 0.725 428 383 103 257 393 156 144 349 463 3 308 352 2 448 250 0 125 67 455 245 236 118 78 282 11 22 271 109 324 226 10 387 498 320 129 322 280 385 40 162 34 427 437 303 218 281 251 449 98 485 46 278 127 110 360 167 175 92 480 54 491 100 216 242 483 90 391 208 503 249 142 468 368 354 420 44 4 159 400 71 364 116 225 149 340 299 114 185 270 17 228 382 219 486 266 209 133 1 63 316 55 9 467 254 295 81 237 57 466 174 88 403 442 310 86 160 231 256 188 84 380 14 293 297 217 263 386 464 416 497 91 141 80 446 176 77 106 272 305 158 235 465 457 96 284 361 193 35 190 474 27 7 214 137 198 152 229 113 362 53 146 25 161 143 115 315 473 452 130 157 273 325 224 186 342 302 292 73 15 458 426 16 388 370 212 62 93 285 203 487 357 75 135 8 58 389 187 124 151 239 319 210 379 221 23 399 230 413 288 147 363 274 105 227 222 171 397 500 401 355 390 300 331 13 327 418 366 365 346 220 24 48 94 32 72 122 369 265 481 279 371 248 197 376 453 494 395 309 443 260 347 155 314 252 475 470 501 375 170 350 192 99 246 301 49 351 117 180 20 182 476 65 405 425 173 126 234 202 482 447 477 223 275 66 472 283 121 329 484 61 18 165 206 440 112 373 69 421 74 43 255 291 490 19 267 6 502 492 372 70 333 456 138 200 240 261 33 164 348 328 59 414 294 195 318 431 47 39 411 139 323 191 478 286 31 358 417 410 412 76 496 37 258 469 207 196 332 384 404 344 381 107 243 415 29 153 450 312 108 479 356 459 359 298 304 131 97 82 213 454 343 38 422 26 264 441 183 424 313 169 398 148 451 408 462 238 42 233 172 111 177 377 51 168 406 367 504 436 211 123 194 330 205 495 154 489 101 12 232 460 339 409 132 136 341 311 378 321 52 488 317 392 119 128 276 439 104 394 461 307 419 215 60 335 345 244 79 445 28 247 83 430 64 396 85 253 30 493 499 268 21 163 5 181 201 444 95 145 306 290 166 429 402 184 45 407 338 36 179 204 435 50 134 199 337 374 296 336 56 102 471 262 277 140 289 87 434 241 269 41 353 178 68 334 287 189 326 120 438 259 89 432 423 433 150 
ofv: 16.048149
f1: 21.753575
f2: 263.517749
Best time: 103.145
Total time:106.977 
